Date;Time;CO(GT);PT08.S1(CO);NMHC(GT);C6H6(GT);PT08.S2(NMHC);NOx(GT);PT08.S3(NOx);NO2(GT);PT08.S4(NO2);PT08.S5(O3);T;RH;AH;;
01/04/2004;00.00.00;1,6;1143;106;6,3;825;96;986;86;1477;978;12,0;61,6;0,8593;;
01/04/2004;01.00.00;1,2;1044;100;5,1;770;85;1031;70;1425;944;11,5;63,9;0,8652;;
01/04/2004;02.00.00;1,1;1034;71;4,1;716;50;1085;55;1405;891;10,7;67,2;0,8630;;
01/04/2004;03.00.00;0,9;956;72;4,0;713;-200;1099;-200;1422;849;9,0;73,1;0,8394;;
01/04/2004;04.00.00;0,7;909;44;2,4;615;57;1237;49;1322;790;10,2;66,6;0,8299;;
01/04/2004;05.00.00;0,9;996;45;2,9;648;64;1176;50;1340;852;11,0;63,7;0,8325;;
01/04/2004;06.00.00;1,7;1154;134;7,4;876;153;1002;67;1561;987;9,6;68,8;0,8243;;
01/04/2004;07.00.00;4,2;1510;505;19,8;1291;342;675;94;1949;1435;9,5;69,6;0,8273;;
01/04/2004;08.00.00;6,2;1722;1042;31,9;1595;378;539;119;2439;1798;11,9;60,9;0,8455;;
01/04/2004;09.00.00;4,6;1512;737;21,0;1323;304;631;139;2001;1677;16,2;48,6;0,8892;;
01/04/2004;10.00.00;2,8;1258;375;11,7;1040;192;800;113;1701;1282;19,2;39,6;0,8693;;
01/04/2004;11.00.00;1,6;1094;124;6,8;850;130;970;88;1489;871;19,7;38,4;0,8743;;
01/04/2004;12.00.00;1,7;1129;137;7,4;875;106;974;73;1524;759;20,6;36,7;0,8797;;
01/04/2004;13.00.00;1,7;1125;179;8,6;924;102;937;73;1542;790;21,8;33,9;0,8771;;
01/04/2004;14.00.00;1,7;-200;222;-200,0;-200;99;-200;72;-200;-200;-200;-200;-200;;
01/04/2004;15.00.00;1,9;-200;197;-200,0;-200;108;-200;81;-200;-200;-200;-200;-200;;
01/04/2004;16.00.00;2,3;-200;319;-200,0;-200;131;-200;93;-200;-200;-200;-200;-200;;
01/04/2004;17.00.00;3,3;1308;388;16,4;1193;163;793;106;1193;1187;23,6;27,5;0,7913;;
01/04/2004;18.00.00;4,2;1529;589;21,2;1331;211;700;132;2028;1399;22,8;32,1;0,8814;;
01/04/2004;19.00.00;5,5;1592;840;25,0;1429;267;624;164;2089;1644;20,8;36,7;0,8878;;
01/04/2004;20.00.00;4,9;1536;655;20,2;1302;269;666;161;1922;1599;18,3;40,9;0,8493;;
01/04/2004;21.00.00;2,5;1192;254;10,8;1007;154;827;124;1604;1223;16,8;44,0;0,8341;;
01/04/2004;22.00.00;2;1186;188;9,9;976;127;844;113;1570;1200;15,8;48,0;0,8569;;
01/04/2004;23.00.00;2;1203;120;8,5;920;122;898;103;1529;1118;14,9;52,0;0,8757;;
02/04/2004;00.00.00;2;1139;157;8,0;899;126;921;104;1514;1067;14,1;54,4;0,8701;;
02/04/2004;01.00.00;1,3;1072;88;5,6;795;84;986;93;1442;1048;13,3;58,8;0,8922;;
02/04/2004;02.00.00;1;954;68;3,2;667;58;1180;60;1350;718;13,3;60,9;0,9229;;
02/04/2004;03.00.00;0,9;951;57;3,3;673;-200;1137;-200;1381;797;11,8;64,3;0,8869;;
02/04/2004;04.00.00;-200;926;36;2,8;638;37;1195;52;1342;749;11,2;65,9;0,8775;;
02/04/2004;05.00.00;0,7;968;51;2,6;628;56;1197;66;1372;737;11,3;72,9;0,9738;;
02/04/2004;06.00.00;1,1;1067;93;4,3;727;91;1055;82;1448;903;11,4;71,8;0,9671;;
02/04/2004;07.00.00;2,6;1386;284;13,0;1083;159;798;109;1833;1159;11,9;73,7;1,0254;;
02/04/2004;08.00.00;3,9;1474;486;20,3;1306;190;634;114;2060;1365;12,6;70,2;1,0221;;
02/04/2004;09.00.00;5;1569;798;20,7;1316;249;634;139;2054;1510;13,6;65,3;1,0136;;
02/04/2004;10.00.00;3,3;1375;524;15,9;1177;196;706;127;1898;1386;16,9;52,3;1,0013;;
02/04/2004;11.00.00;2,9;1328;468;14,2;1123;180;738;127;1821;1368;19,4;44,1;0,9855;;
02/04/2004;12.00.00;3,1;1341;454;15,9;1176;167;748;135;1825;1347;22,9;33,8;0,9322;;
02/04/2004;13.00.00;3;1297;461;16,1;1183;159;765;130;1773;1242;23,6;31,3;0,9001;;
02/04/2004;14.00.00;2,7;1303;391;14,7;1139;152;790;126;1761;1138;24,7;30,5;0,9371;;
02/04/2004;15.00.00;2,7;1281;337;14,0;1116;149;809;121;1703;1080;26,1;27,3;0,9101;;
02/04/2004;16.00.00;2,6;1248;297;13,6;1103;143;872;122;1632;1002;27,6;22,8;0,8288;;
02/04/2004;17.00.00;3,7;1382;588;19,7;1288;185;778;138;1799;1212;26,9;22,3;0,7792;;
02/04/2004;18.00.00;4,5;1491;721;23,3;1385;223;685;165;1915;1486;24,3;30,1;0,9012;;
02/04/2004;19.00.00;4,7;1620;710;24,1;1407;215;641;154;2052;1567;21,2;40,1;0,9978;;
02/04/2004;20.00.00;5,5;1693;787;25,4;1439;271;618;168;2083;1723;19,4;42,5;0,9483;;
02/04/2004;21.00.00;3;1374;415;14,1;1121;180;771;146;1685;1399;18,5;43,0;0,9074;;
02/04/2004;22.00.00;1,9;1287;245;10,1;982;115;841;124;1582;1291;17,8;47,0;0,9467;;
02/04/2004;23.00.00;2,3;1408;294;12,1;1052;149;761;124;1684;1443;16,8;53,2;1,0100;;
03/04/2004;00.00.00;1,6;1254;139;9,0;941;98;828;106;1566;1270;17,1;51,8;0,9990;;
03/04/2004;01.00.00;1,3;1141;98;6,3;827;73;936;88;1488;1110;16,2;54,2;0,9933;;
03/04/2004;02.00.00;1,2;1141;88;5,3;777;69;986;83;1455;1060;15,1;58,2;0,9886;;
03/04/2004;03.00.00;0,9;1042;66;3,8;697;-200;1056;-200;1410;965;15,1;57,6;0,9796;;
03/04/2004;04.00.00;0,8;986;57;3,0;651;60;1145;74;1380;891;14,5;58,0;0,9488;;
03/04/2004;05.00.00;0,8;1005;57;3,3;673;56;1103;64;1387;905;13,7;61,6;0,9631;;
03/04/2004;06.00.00;0,9;1041;60;3,5;683;73;1112;69;1398;899;13,9;59,6;0,9408;;
03/04/2004;07.00.00;2;1272;200;9,5;959;159;846;91;1660;1136;13,3;61,7;0,9399;;
03/04/2004;08.00.00;3;1436;451;15,2;1154;203;704;96;1872;1391;15,1;55,8;0,9486;;
03/04/2004;09.00.00;3,1;1472;422;14,3;1126;211;720;106;1816;1460;17,0;50,5;0,9684;;
03/04/2004;10.00.00;-200;1418;-200;11,2;1023;-200;785;-200;1720;1410;19,7;43,3;0,9837;;
03/04/2004;11.00.00;-200;1410;-200;11,4;1030;-200;781;-200;1743;1372;20,7;41,7;1,0092;;
03/04/2004;12.00.00;-200;1438;-200;13,4;1096;-200;781;-200;1779;1266;23,3;35,8;1,0098;;
03/04/2004;13.00.00;-200;1278;-200;10,6;1000;-200;866;-200;1621;1014;23,8;30,5;0,8897;;
03/04/2004;14.00.00;-200;1257;-200;10,8;1006;-200;915;-200;1573;870;24,8;27,0;0,8325;;
03/04/2004;15.00.00;-200;1331;-200;11,9;1046;-200;882;-200;1635;905;25,0;27,5;0,8575;;
03/04/2004;16.00.00;-200;1361;-200;13,5;1102;-200;834;-200;1704;991;25,8;26,5;0,8675;;
03/04/2004;17.00.00;-200;1398;-200;15,2;1156;-200;812;-200;1722;1076;25,1;27,1;0,8496;;
03/04/2004;18.00.00;-200;1483;-200;17,1;1213;-200;764;-200;1798;1249;23,7;28,6;0,8273;;
03/04/2004;19.00.00;-200;1697;-200;26,7;1471;-200;625;-200;2153;1548;22,1;36,8;0,9681;;
03/04/2004;20.00.00;-200;1459;-200;14,2;1124;-200;736;-200;1823;1300;19,9;47,5;1,0912;;
03/04/2004;21.00.00;-200;1268;-200;8,5;918;-200;873;-200;1602;1029;18,7;50,4;1,0772;;
03/04/2004;22.00.00;-200;1469;-200;14,3;1128;-200;762;-200;1870;1207;18,1;51,3;1,0587;;
03/04/2004;23.00.00;-200;1316;-200;9,3;952;-200;847;-200;1644;1047;17,5;53,8;1,0648;;
04/04/2004;00.00.00;-200;1224;-200;7,8;892;-200;884;-200;1580;923;16,7;56,5;1,0634;;
04/04/2004;01.00.00;-200;1215;-200;6,7;843;-200;929;-200;1551;862;15,9;59,2;1,0635;;
04/04/2004;02.00.00;-200;1115;-200;5,4;782;-200;980;-200;1500;752;15,2;62,4;1,0726;;
04/04/2004;03.00.00;-200;1124;-200;5,6;793;-200;965;-200;1521;791;14,7;65,0;1,0766;;
04/04/2004;04.00.00;-200;1028;-200;3,5;682;-200;1090;-200;1448;697;14,3;65,3;1,0594;;
04/04/2004;05.00.00;-200;1010;-200;3,0;650;-200;1171;-200;1434;664;13,7;66,5;1,0393;;
04/04/2004;06.00.00;-200;1074;-200;4,4;731;-200;1020;-200;1488;891;12,9;69,1;1,0264;;
04/04/2004;07.00.00;-200;1034;-200;3,5;684;-200;1110;-200;1423;813;13,7;64,8;1,0135;;
04/04/2004;08.00.00;-200;1130;-200;4,2;720;-200;1063;-200;1461;828;15,3;59,0;1,0181;;
04/04/2004;09.00.00;-200;1275;-200;8,0;900;-200;868;-200;1634;1057;18,1;49,8;1,0272;;
04/04/2004;10.00.00;-200;1324;-200;9,0;939;-200;846;-200;1658;1011;21,5;40,7;1,0301;;
04/04/2004;11.00.00;-200;1268;-200;8,1;902;-200;906;-200;1589;932;23,3;37,1;1,0457;;
04/04/2004;12.00.00;-200;1272;-200;8,6;924;-200;895;-200;1603;881;25,1;33,8;1,0594;;
04/04/2004;13.00.00;-200;1160;-200;7,1;860;-200;969;-200;1531;646;25,6;32,1;1,0393;;
04/04/2004;14.00.00;-200;1136;-200;5,6;792;-200;1057;-200;1476;536;25,8;31,1;1,0143;;
04/04/2004;15.00.00;-200;1296;-200;10,0;977;-200;863;-200;1642;746;26,1;30,8;1,0253;;
04/04/2004;16.00.00;-200;1345;-200;10,5;996;-200;841;-200;1678;833;24,4;36,0;1,0850;;
04/04/2004;17.00.00;-200;1296;-200;10,1;983;-200;845;-200;1626;802;23,0;36,2;1,0053;;
04/04/2004;18.00.00;-200;1258;-200;10,0;977;-200;838;-200;1636;838;22,1;39,3;1,0336;;
04/04/2004;19.00.00;-200;1420;-200;13,0;1085;-200;755;-200;1756;1051;19,8;44,6;1,0208;;
04/04/2004;20.00.00;-200;1366;-200;10,5;997;-200;830;-200;1673;1041;18,5;48,9;1,0323;;
04/04/2004;21.00.00;-200;1113;-200;5,2;772;-200;989;-200;1493;646;16,6;56,1;1,0481;;
04/04/2004;22.00.00;-200;1196;-200;6,9;853;-200;909;-200;1556;769;15,8;58,8;1,0464;;
04/04/2004;23.00.00;-200;1188;-200;6,4;829;-200;930;-200;1540;785;15,3;60,8;1,0501;;
05/04/2004;00.00.00;-200;1102;-200;4,7;750;-200;1007;-200;1470;613;14,7;64,4;1,0717;;
05/04/2004;01.00.00;-200;969;-200;2,4;611;-200;1239;-200;1330;430;14,8;63,3;1,0584;;
05/04/2004;02.00.00;-200;983;-200;2,2;600;-200;1233;-200;1375;485;15,0;61,5;1,0418;;
05/04/2004;03.00.00;-200;876;-200;1,1;505;-200;1456;-200;1294;467;15,5;56,9;0,9961;;
05/04/2004;04.00.00;-200;884;-200;0,9;489;-200;1536;-200;1278;436;16,0;54,0;0,9742;;
05/04/2004;05.00.00;-200;1024;-200;3,1;658;-200;1175;-200;1417;682;13,5;63,9;0,9809;;
05/04/2004;06.00.00;-200;1126;-200;6,2;822;-200;945;-200;1541;927;12,9;65,3;0,9688;;
05/04/2004;07.00.00;-200;1415;-200;13,2;1089;-200;767;-200;1795;1192;13,4;62,5;0,9582;;
05/04/2004;08.00.00;-200;1631;-200;25,8;1449;-200;570;-200;2299;1615;14,5;58,8;0,9630;;
05/04/2004;09.00.00;-200;1499;-200;18,2;1247;-200;647;-200;1972;1505;15,3;56,7;0,9773;;
05/04/2004;10.00.00;3,1;1461;424;14,3;1127;236;703;124;1836;1451;15,6;57,4;1,0075;;
05/04/2004;11.00.00;3;1430;339;13,7;1107;228;713;121;1853;1409;16,6;55,2;1,0382;;
05/04/2004;12.00.00;3,2;1498;445;15,7;1171;206;684;114;1942;1434;17,0;54,3;1,0434;;
05/04/2004;13.00.00;3,1;1454;535;15,4;1162;188;682;114;1915;1457;18,0;51,5;1,0552;;
05/04/2004;14.00.00;2,5;1402;278;12,6;1069;158;733;106;1793;1325;19,5;47,5;1,0653;;
05/04/2004;15.00.00;2,1;1327;256;9,8;971;124;803;89;1705;1120;21,6;41,7;1,0606;;
05/04/2004;16.00.00;2;1273;245;9,6;963;98;832;82;1662;931;22,2;38,3;1,0106;;
05/04/2004;17.00.00;3,2;1457;458;16,3;1190;160;678;111;1877;1212;20,3;42,8;1,0053;;
05/04/2004;18.00.00;4,1;1543;710;19,8;1290;194;631;132;2011;1353;19,7;45,4;1,0312;;
05/04/2004;19.00.00;3,9;1499;678;18,0;1239;174;651;121;1957;1359;18,8;47,5;1,0199;;
05/04/2004;20.00.00;3,1;1378;436;13,6;1102;157;742;116;1796;1273;17,9;49,4;1,0064;;
05/04/2004;21.00.00;2;1243;178;8,7;928;109;852;100;1622;1079;17,5;50,9;1,0090;;
05/04/2004;22.00.00;1,7;1196;160;7,7;885;85;884;89;1589;973;17,4;51,8;1,0230;;
05/04/2004;23.00.00;1,6;1137;177;7,3;869;90;890;92;1554;951;17,0;53,9;1,0363;;
06/04/2004;00.00.00;1;1015;101;4,1;718;61;1065;71;1428;714;16,6;55,4;1,0408;;
06/04/2004;01.00.00;0,8;978;66;2,7;635;36;1188;51;1382;579;15,9;57,0;1,0224;;
06/04/2004;02.00.00;0,5;933;40;1,5;547;25;1357;39;1336;542;15,0;59,2;1,0059;;
06/04/2004;03.00.00;0,5;927;54;1,9;579;-200;1267;-200;1370;562;14,5;61,4;1,0041;;
06/04/2004;04.00.00;0,5;908;39;1,8;569;24;1303;35;1360;526;14,1;61,6;0,9883;;
06/04/2004;05.00.00;0,8;980;62;3,4;677;73;1141;64;1435;659;14,6;58,8;0,9711;;
06/04/2004;06.00.00;1,7;1236;120;8,5;920;164;880;94;1641;1012;14,4;58,9;0,9594;;
06/04/2004;07.00.00;4,5;1664;599;24,1;1407;329;594;134;2198;1564;15,3;55,2;0,9538;;
06/04/2004;08.00.00;6,2;1757;1084;33,7;1636;302;494;129;2560;1806;16,2;52,5;0,9576;;
06/04/2004;09.00.00;4,4;1524;776;22,0;1350;256;588;125;2096;1604;18,4;46,3;0,9734;;
06/04/2004;10.00.00;2,9;1329;470;14,1;1119;182;707;107;1823;1288;19,6;41,8;0,9407;;
06/04/2004;11.00.00;1,6;1167;169;7,6;884;105;881;78;1580;931;20,2;40,1;0,9370;;
06/04/2004;12.00.00;2,6;1369;304;14,5;1132;136;715;91;1818;1162;20,9;36,6;0,8939;;
06/04/2004;13.00.00;2,9;1284;405;13,6;1103;167;755;116;1704;1064;20,4;34,7;0,8229;;
06/04/2004;14.00.00;2,5;1221;297;11,5;1032;166;811;131;1630;913;19,3;35,4;0,7813;;
06/04/2004;15.00.00;1,9;1096;220;9,2;947;115;872;113;1519;684;18,6;36,9;0,7829;;
06/04/2004;16.00.00;1,9;1143;226;10,3;988;109;849;98;1590;710;18,8;36,8;0,7883;;
06/04/2004;17.00.00;2,7;1251;456;14,0;1116;143;760;116;1716;923;17,5;40,6;0,8068;;
06/04/2004;18.00.00;3;1268;470;15,0;1148;159;728;120;1776;1006;16,8;44,3;0,8428;;
06/04/2004;19.00.00;3,3;1314;503;15,1;1150;181;726;126;1784;1083;16,3;47,7;0,8746;;
06/04/2004;20.00.00;3,2;1315;459;14,8;1142;178;724;126;1807;1161;15,6;50,7;0,8947;;
06/04/2004;21.00.00;1,8;1095;227;8,5;918;91;896;90;1527;800;15,7;49,4;0,8768;;
06/04/2004;22.00.00;1,3;1027;152;5,9;808;76;996;81;1458;647;15,8;48,6;0,8653;;
06/04/2004;23.00.00;1,1;1012;94;4,8;752;66;1053;74;1393;649;15,7;47,0;0,8325;;
07/04/2004;00.00.00;0,9;948;93;4,0;710;56;1127;67;1352;575;15,7;45,9;0,8121;;
07/04/2004;01.00.00;0,7;889;49;2,3;603;35;1308;46;1271;455;15,6;44,9;0,7920;;
07/04/2004;02.00.00;0,4;830;30;1,4;538;21;1475;30;1214;392;15,6;44,4;0,7827;;
07/04/2004;03.00.00;0,3;801;30;0,7;464;-200;1749;-200;1154;340;16,1;42,4;0,7718;;
07/04/2004;04.00.00;0,3;804;30;0,7;468;12;1826;19;1166;320;15,7;45,4;0,8063;;
07/04/2004;05.00.00;0,3;824;32;0,8;478;22;1705;32;1200;331;15,3;50,1;0,8617;;
07/04/2004;06.00.00;0,8;1000;59;3,6;688;55;1257;61;1398;426;14,2;58,6;0,9443;;
07/04/2004;07.00.00;2,8;1307;277;12,9;1082;152;777;111;1769;830;14,3;58,2;0,9431;;
07/04/2004;08.00.00;3,1;1286;454;15,7;1171;153;716;102;1821;1006;15,0;52,0;0,8817;;
07/04/2004;09.00.00;2,3;1150;211;8,6;925;152;865;116;1576;820;13,6;61,4;0,9519;;
07/04/2004;10.00.00;1,6;1087;196;7,4;876;112;911;96;1554;737;16,1;53,1;0,9675;;
07/04/2004;11.00.00;1,5;1016;110;6,6;839;119;991;97;1448;790;16,6;44,3;0,8294;;
07/04/2004;12.00.00;1,6;1029;164;7,8;892;122;937;110;1474;760;17,4;40,3;0,7922;;
07/04/2004;13.00.00;1,8;1109;151;9,1;943;115;883;103;1604;767;18,1;42,2;0,8679;;
07/04/2004;14.00.00;1,4;997;112;6,1;817;84;1030;79;1426;626;14,4;51,8;0,8433;;
07/04/2004;15.00.00;1,9;1177;117;7,5;880;146;927;104;1552;776;10,9;76,4;0,9953;;
07/04/2004;16.00.00;1,2;1045;120;5,9;808;65;1038;69;1421;589;16,4;47,7;0,8819;;
07/04/2004;17.00.00;2,3;1171;251;12,7;1073;120;847;96;1623;872;18,0;37,1;0,7598;;
07/04/2004;18.00.00;3,3;1221;435;13,5;1101;185;799;121;1700;996;14,7;48,7;0,8089;;
07/04/2004;19.00.00;3,1;1262;345;14,5;1133;157;774;129;1748;1033;11,3;71,3;0,9514;;
07/04/2004;20.00.00;3,3;1207;343;11,0;1013;174;876;116;1632;982;10,0;74,0;0,9087;;
07/04/2004;21.00.00;1,2;956;62;3,2;666;62;1235;71;1282;518;9,8;71,8;0,8702;;
07/04/2004;22.00.00;1,3;1020;70;4,3;727;81;1153;85;1391;631;9,3;75,2;0,8796;;
07/04/2004;23.00.00;1,9;1107;114;7,1;861;118;957;101;1510;879;9,6;76,0;0,9088;;
08/04/2004;00.00.00;1,4;1020;88;4,8;752;95;1074;97;1398;839;9,3;75,0;0,8799;;
08/04/2004;01.00.00;1,5;1051;95;5,7;798;84;1016;89;1455;876;9,0;76,7;0,8825;;
08/04/2004;02.00.00;1,1;965;83;4,1;716;56;1087;72;1383;827;8,2;79,6;0,8672;;
08/04/2004;03.00.00;0,8;890;63;3,3;672;-200;1183;-200;1338;781;7,6;80,6;0,8437;;
08/04/2004;04.00.00;-200;823;38;1,8;568;43;1366;57;1263;699;8,3;75,6;0,8302;;
08/04/2004;05.00.00;0,8;869;68;2,8;642;69;1291;62;1288;723;8,1;72,1;0,7798;;
08/04/2004;06.00.00;1,1;939;59;4,8;754;74;1169;64;1384;797;8,1;70,4;0,7609;;
08/04/2004;07.00.00;2,6;1274;226;13,8;1109;161;820;80;1723;1138;8,1;70,5;0,7627;;
08/04/2004;08.00.00;5,1;1512;802;27,1;1482;308;596;118;2189;1605;9,9;64,3;0,7859;;
08/04/2004;09.00.00;4,2;1435;585;19,1;1271;300;676;130;1885;1569;13,0;54,2;0,8090;;
08/04/2004;10.00.00;2,6;1207;324;11,7;1041;189;813;113;1620;1319;16,5;42,6;0,7912;;
08/04/2004;11.00.00;2,4;1223;308;12,7;1075;164;818;112;1678;1198;19,3;34,2;0,7566;;
08/04/2004;12.00.00;2,1;1121;238;11,3;1026;122;865;96;1541;958;21,5;27,4;0,6941;;
08/04/2004;13.00.00;2,6;1176;301;14,2;1123;166;816;125;1609;1068;20,4;26,7;0,6323;;
08/04/2004;14.00.00;2,8;1144;294;13,9;1114;181;845;128;1551;1010;20,6;22,6;0,5432;;
08/04/2004;15.00.00;2,5;1136;353;13,2;1089;127;856;101;1552;928;20,6;24,8;0,5931;;
08/04/2004;16.00.00;1,9;1085;209;10,7;1004;106;888;95;1454;816;21,0;25,4;0,6264;;
08/04/2004;17.00.00;3,6;1297;538;19,7;1287;192;723;138;1798;1216;21,5;24,5;0,6203;;
08/04/2004;18.00.00;4,6;1408;808;24,0;1404;241;646;154;1972;1463;19,3;28,6;0,6357;;
08/04/2004;19.00.00;6,3;1618;974;29,1;1530;326;579;171;2167;1791;18,0;32,9;0,6737;;
08/04/2004;20.00.00;4,3;1319;544;15,8;1172;232;746;136;1699;1425;15,8;39,8;0,7096;;
08/04/2004;21.00.00;1,6;1045;138;7,0;857;92;968;93;1410;922;15,3;41,5;0,7194;;
08/04/2004;22.00.00;1,4;1058;92;6,3;824;95;993;99;1411;971;14,1;46,0;0,7363;;
08/04/2004;23.00.00;2;-200;137;-200,0;-200;129;-200;106;-200;-200;-200;-200;-200;;
09/04/2004;00.00.00;2,4;-200;189;-200,0;-200;154;-200;109;-200;-200;-200;-200;-200;;
09/04/2004;01.00.00;1,8;-200;159;-200,0;-200;118;-200;97;-200;-200;-200;-200;-200;;
09/04/2004;02.00.00;1;-200;80;-200,0;-200;69;-200;83;-200;-200;-200;-200;-200;;
09/04/2004;03.00.00;1;-200;66;-200,0;-200;-200;-200;-200;-200;-200;-200;-200;-200;;
09/04/2004;04.00.00;1;-200;87;-200,0;-200;97;-200;79;-200;-200;-200;-200;-200;;
09/04/2004;05.00.00;0,9;-200;79;-200,0;-200;145;-200;84;-200;-200;-200;-200;-200;;
09/04/2004;06.00.00;1,5;-200;150;-200,0;-200;169;-200;86;-200;-200;-200;-200;-200;;
09/04/2004;07.00.00;2,6;-200;196;-200,0;-200;250;-200;111;-200;-200;-200;-200;-200;;
09/04/2004;08.00.00;2,9;-200;299;-200,0;-200;215;-200;117;-200;-200;-200;-200;-200;;
09/04/2004;09.00.00;2,7;-200;254;-200,0;-200;237;-200;122;-200;-200;-200;-200;-200;;
09/04/2004;10.00.00;2,4;-200;226;-200,0;-200;190;-200;119;-200;-200;-200;-200;-200;;
09/04/2004;11.00.00;2,6;-200;262;-200,0;-200;219;-200;121;-200;-200;-200;-200;-200;;
09/04/2004;12.00.00;4,1;-200;505;-200,0;-200;294;-200;127;-200;-200;-200;-200;-200;;
09/04/2004;13.00.00;4,3;-200;512;-200,0;-200;253;-200;135;-200;-200;-200;-200;-200;;
09/04/2004;14.00.00;2,2;-200;159;-200,0;-200;176;-200;119;-200;-200;-200;-200;-200;;
09/04/2004;15.00.00;3,4;-200;337;-200,0;-200;243;-200;137;-200;-200;-200;-200;-200;;
09/04/2004;16.00.00;3,6;-200;357;-200,0;-200;214;-200;139;-200;-200;-200;-200;-200;;
09/04/2004;17.00.00;2,5;-200;194;-200,0;-200;141;-200;117;-200;-200;-200;-200;-200;;
09/04/2004;18.00.00;2,8;-200;278;-200,0;-200;166;-200;127;-200;-200;-200;-200;-200;;
09/04/2004;19.00.00;3,4;-200;303;-200,0;-200;197;-200;137;-200;-200;-200;-200;-200;;
09/04/2004;20.00.00;3;-200;234;-200,0;-200;191;-200;127;-200;-200;-200;-200;-200;;
09/04/2004;21.00.00;2,1;-200;128;-200,0;-200;159;-200;107;-200;-200;-200;-200;-200;;
09/04/2004;22.00.00;2,4;-200;160;-200,0;-200;175;-200;102;-200;-200;-200;-200;-200;;
09/04/2004;23.00.00;2,3;1176;169;8,4;917;157;866;95;1560;1151;12,0;67,9;0,9523;;
10/04/2004;00.00.00;1,3;1047;77;5,4;783;83;1014;79;1449;975;12,0;66,9;0,9336;;
10/04/2004;01.00.00;1,7;1116;98;6,9;854;118;929;78;1533;1034;11,5;70,1;0,9503;;
10/04/2004;02.00.00;1,7;1074;102;6,4;832;101;951;75;1507;980;11,4;69,8;0,9390;;
10/04/2004;03.00.00;1;922;65;3,6;687;-200;1142;-200;1390;825;11,1;69,3;0,9128;;
10/04/2004;04.00.00;0,8;898;69;3,3;669;46;1163;52;1386;807;10,8;70,3;0,9092;;
10/04/2004;05.00.00;1;970;89;4,0;708;81;1121;55;1435;842;10,2;73,4;0,9129;;
10/04/2004;06.00.00;1,4;1073;134;6,0;812;112;988;65;1500;950;10,8;70,5;0,9142;;
10/04/2004;07.00.00;1,7;1081;157;8,2;906;150;895;72;1591;1024;11,0;71,0;0,9279;;
10/04/2004;08.00.00;2;1159;167;9,9;976;138;837;76;1663;1098;12,4;64,0;0,9206;;
10/04/2004;09.00.00;2;1112;157;8,8;931;124;869;84;1588;1011;15,0;53,1;0,8993;;
10/04/2004;10.00.00;1,9;1112;172;8,4;917;124;897;90;1542;931;16,6;44,4;0,8313;;
10/04/2004;11.00.00;2,1;1063;114;7,5;877;115;971;89;1481;811;18,0;38,4;0,7862;;
10/04/2004;12.00.00;1,8;1032;166;7,8;892;101;973;87;1457;756;20,6;30,0;0,7213;;
10/04/2004;13.00.00;1,5;936;94;6,4;829;90;1054;88;1336;607;19,9;26,7;0,6137;;
10/04/2004;14.00.00;1,3;883;108;5,1;766;90;1152;81;1238;498;19,8;23,1;0,5283;;
10/04/2004;15.00.00;1,4;942;98;6,9;852;89;1055;89;1318;540;21,4;22,7;0,5722;;
10/04/2004;16.00.00;1,5;943;132;6,8;850;92;1084;91;1296;544;22,1;21,3;0,5605;;
10/04/2004;17.00.00;1,7;1007;144;7,4;875;103;1027;104;1357;620;21,1;24,5;0,6040;;
10/04/2004;18.00.00;2;1037;165;8,7;927;122;949;111;1426;740;18,3;31,6;0,6562;;
10/04/2004;19.00.00;2,5;1127;210;11,2;1022;159;871;129;1534;921;16,1;35,0;0,6372;;
10/04/2004;20.00.00;2,4;1123;277;10,5;996;172;861;133;1551;1033;14,8;41,5;0,6929;;
10/04/2004;21.00.00;2;1110;168;8,2;909;125;916;115;1487;984;13,2;50,3;0,7577;;
10/04/2004;22.00.00;2,9;1247;248;11,6;1037;187;812;125;1618;1193;12,3;55,5;0,7916;;
10/04/2004;23.00.00;2,5;1220;235;9,7;967;174;844;117;1545;1219;11,8;56,6;0,7833;;
11/04/2004;00.00.00;1,4;1028;84;5,1;770;75;1047;84;1326;913;11,2;56,2;0,7469;;
11/04/2004;01.00.00;1,2;978;75;4,0;711;48;1144;63;1304;750;11,0;56,6;0,7418;;
11/04/2004;02.00.00;1;949;62;3,7;694;61;1160;68;1310;772;9,3;64,3;0,7531;;
11/04/2004;03.00.00;1;910;66;4,0;709;-200;1162;-200;1329;712;8,8;66,0;0,7501;;
11/04/2004;04.00.00;-200;863;49;3,0;651;38;1224;52;1286;712;7,8;70,4;0,7463;;
11/04/2004;05.00.00;0,7;836;38;2,9;643;38;1244;49;1306;727;7,7;70,7;0,7463;;
11/04/2004;06.00.00;0,8;856;44;2,9;644;41;1259;49;1301;746;7,4;71,0;0,7346;;
11/04/2004;07.00.00;0,9;888;60;3,0;651;51;1240;52;1298;733;8,2;66,6;0,7283;;
11/04/2004;08.00.00;1,1;912;88;3,7;694;61;1196;58;1343;727;8,7;64,3;0,7267;;
11/04/2004;09.00.00;1;938;70;3,9;706;47;1177;51;1320;642;13,0;47,9;0,7116;;
11/04/2004;10.00.00;1,6;1053;94;6,2;823;87;1040;77;1386;810;17,4;35,4;0,6990;;
11/04/2004;11.00.00;1,8;1087;126;7,3;870;107;1014;90;1412;851;20,2;29,2;0,6830;;
11/04/2004;12.00.00;2,6;1153;181;9,2;945;161;969;118;1425;911;22,7;22,9;0,6224;;
11/04/2004;13.00.00;1,1;894;66;4,0;710;61;1209;70;1200;611;22,3;22,4;0,5955;;
11/04/2004;14.00.00;0,6;797;54;2,3;606;26;1452;35;1076;368;22,2;18,9;0,4993;;
11/04/2004;15.00.00;0,9;854;48;3,1;658;42;1409;46;1108;369;22,0;19,0;0,4969;;
11/04/2004;16.00.00;1;892;66;3,2;665;55;1348;58;1150;394;21,0;23,6;0,5788;;
11/04/2004;17.00.00;1,2;935;65;3,3;672;65;1299;61;1183;415;19,6;27,4;0,6162;;
11/04/2004;18.00.00;1,4;989;68;4,0;709;75;1225;80;1233;469;17,9;30,8;0,6258;;
11/04/2004;19.00.00;2;1063;118;5,7;797;93;1079;93;1285;607;16,4;35,3;0,6532;;
11/04/2004;20.00.00;1,1;922;65;3,4;674;63;1220;78;1205;498;15,6;37,5;0,6575;;
11/04/2004;21.00.00;1,1;925;63;3,5;680;60;1223;76;1217;481;15,5;36,7;0,6438;;
11/04/2004;22.00.00;1,1;924;61;2,9;648;63;1272;74;1186;465;14,5;39,0;0,6428;;
11/04/2004;23.00.00;1,1;914;63;3,1;661;66;1256;81;1187;478;14,2;38,2;0,6163;;
12/04/2004;00.00.00;0,7;840;31;1,6;556;41;1474;58;1094;366;13,7;38,3;0,5957;;
12/04/2004;01.00.00;0,6;799;29;1,1;514;42;1615;59;1036;332;14,1;34,0;0,5442;;
12/04/2004;02.00.00;0,7;856;34;2,0;581;36;1448;54;1111;346;14,6;34,0;0,5605;;
12/04/2004;03.00.00;0,6;830;34;1,7;560;-200;1452;-200;1066;350;14,4;32,8;0,5364;;
12/04/2004;04.00.00;0,3;753;9;0,7;462;16;1822;25;955;274;13,9;30,9;0,4868;;
12/04/2004;05.00.00;0,3;785;14;0,5;448;16;1923;26;1003;263;13,5;37,9;0,5852;;
12/04/2004;06.00.00;0,4;835;23;0,7;472;33;1756;49;1117;314;13,9;43,6;0,6871;;
12/04/2004;07.00.00;0,5;865;36;0,9;494;39;1613;53;1185;367;13,5;50,1;0,7706;;
12/04/2004;08.00.00;0,6;922;39;1,5;541;45;1453;57;1246;432;13,3;53,6;0,8169;;
12/04/2004;09.00.00;0,8;975;38;2,2;598;63;1268;73;1293;536;13,4;56,0;0,8576;;
12/04/2004;10.00.00;1;1040;55;2,9;646;71;1210;78;1325;555;13,0;59,6;0,8860;;
12/04/2004;11.00.00;1,3;1115;75;3,9;707;104;1105;93;1384;677;12,7;62,7;0,9173;;
12/04/2004;12.00.00;1,1;1004;64;2,8;641;85;1201;71;1305;557;12,1;60,5;0,8505;;
12/04/2004;13.00.00;0,6;895;39;1,4;536;53;1415;56;1229;421;11,2;64,4;0,8537;;
12/04/2004;14.00.00;0,7;917;42;1,7;563;58;1415;60;1257;423;10,7;67,6;0,8703;;
12/04/2004;15.00.00;1,2;1025;78;3,6;689;89;1189;77;1325;519;11,4;61,2;0,8236;;
12/04/2004;16.00.00;1,4;1035;69;3,1;660;96;1222;82;1301;533;9,9;70,5;0,8581;;
12/04/2004;17.00.00;1,2;1025;67;3,5;682;88;1197;77;1313;537;10,3;65,2;0,8151;;
12/04/2004;18.00.00;1,3;1040;83;3,9;705;100;1149;91;1324;612;11,0;58,9;0,7714;;
12/04/2004;19.00.00;1,8;1070;79;5,2;776;127;1065;93;1369;697;10,6;59,5;0,7595;;
12/04/2004;20.00.00;1,2;964;68;3,7;692;88;1176;82;1292;573;10,6;57,7;0,7362;;
12/04/2004;21.00.00;0,8;904;56;2,7;635;66;1269;74;1233;489;10,6;56,1;0,7149;;
12/04/2004;22.00.00;0,8;913;49;2,6;626;61;1271;68;1234;474;10,3;58,0;0,7239;;
12/04/2004;23.00.00;0,8;914;56;2,4;610;54;1322;65;1230;455;10,4;58,4;0,7352;;
13/04/2004;00.00.00;0,7;893;48;2,0;587;46;1368;58;1219;433;10,7;58,2;0,7459;;
13/04/2004;01.00.00;0,5;844;27;1,3;532;25;1499;36;1176;376;10,5;59,9;0,7624;;
13/04/2004;02.00.00;0,3;837;29;1,2;518;18;1581;29;1182;360;10,5;60,8;0,7704;;
13/04/2004;03.00.00;0,4;868;32;1,3;530;-200;1482;-200;1215;384;10,6;63,1;0,8068;;
13/04/2004;04.00.00;0,3;825;47;0,9;489;21;1565;28;1171;363;11,1;60,1;0,7925;;
13/04/2004;05.00.00;0,7;956;66;3,1;656;76;1251;68;1356;525;10,1;68,4;0,8443;;
13/04/2004;06.00.00;1,6;1124;163;6,9;853;149;960;99;1531;873;10,0;68,7;0,8456;;
13/04/2004;07.00.00;3,9;1496;524;19,1;1272;328;667;130;2011;1399;11,0;64,2;0,8398;;
13/04/2004;08.00.00;4,5;1452;657;22,1;1354;282;620;128;2057;1501;12,0;58,1;0,8138;;
13/04/2004;09.00.00;2,7;1172;324;11,8;1042;206;797;120;1641;1186;12,8;52,0;0,7643;;
13/04/2004;10.00.00;1,6;1020;144;7,3;871;133;956;93;1426;911;12,6;50,8;0,7387;;
13/04/2004;11.00.00;1,6;1044;135;8,0;900;137;934;96;1471;919;13,8;47,4;0,7435;;
13/04/2004;12.00.00;1,6;1020;140;7,2;866;116;972;84;1429;791;15,1;42,7;0,7294;;
13/04/2004;13.00.00;1,5;1009;141;7,7;885;112;994;87;1439;751;16,3;38,1;0,7006;;
13/04/2004;14.00.00;1,8;1073;181;9,7;966;128;935;87;1537;805;16,6;36,7;0,6867;;
13/04/2004;15.00.00;2,1;1098;227;9,8;971;145;877;103;1527;966;15,8;40,5;0,7241;;
13/04/2004;16.00.00;1,7;1061;149;7,7;887;110;920;88;1462;869;16,3;41,8;0,7712;;
13/04/2004;17.00.00;3;1289;425;15,3;1158;184;755;118;1791;1196;16,1;42,8;0,7783;;
13/04/2004;18.00.00;4,6;1442;669;21,5;1337;243;630;134;2004;1523;15,3;46,8;0,8074;;
13/04/2004;19.00.00;5;1479;680;21,7;1343;259;631;144;1995;1579;14,7;47,0;0,7815;;
13/04/2004;20.00.00;3,5;1266;446;14,6;1138;205;726;129;1747;1370;14,1;49,6;0,7931;;
13/04/2004;21.00.00;2,1;1149;205;9,3;952;144;845;108;1577;1204;13,5;54,1;0,8351;;
13/04/2004;22.00.00;2,1;1168;194;9,4;954;152;843;104;1586;1201;12,3;59,2;0,8461;;
13/04/2004;23.00.00;1,5;1079;115;6,8;847;108;925;90;1463;1122;11,6;62,2;0,8510;;
14/04/2004;00.00.00;1,1;1047;74;4,9;760;64;1032;74;1379;1003;11,5;61,4;0,8303;;
14/04/2004;01.00.00;0,9;936;85;3,9;705;73;1086;73;1364;918;10,9;64,6;0,8395;;
14/04/2004;02.00.00;0,7;900;66;2,7;635;47;1207;60;1307;836;11,1;63,2;0,8331;;
14/04/2004;03.00.00;0,4;839;60;1,9;576;-200;1325;-200;1285;759;10,7;64,4;0,8284;;
14/04/2004;04.00.00;-200;840;40;1,7;563;45;1349;57;1275;755;10,7;63,8;0,8174;;
14/04/2004;05.00.00;0,9;905;47;3,3;670;79;1191;62;1346;820;10,2;65,8;0,8196;;
14/04/2004;06.00.00;1,6;1079;116;7,4;875;113;947;71;1535;998;10,3;65,6;0,8225;;
14/04/2004;07.00.00;3,9;1417;478;18,2;1246;263;669;94;1921;1403;10,8;64,0;0,8307;;
14/04/2004;08.00.00;5;1529;836;27,7;1497;275;569;99;2278;1641;13,3;55,6;0,8453;;
14/04/2004;09.00.00;4,3;1397;655;18,3;1248;263;659;119;1906;1534;15,8;46,8;0,8328;;
14/04/2004;10.00.00;2,7;1214;312;12,3;1061;183;780;103;1662;1257;19,5;34,4;0,7738;;
14/04/2004;11.00.00;2,1;1109;195;8,9;935;147;882;95;1518;1026;21,1;30,2;0,7450;;
14/04/2004;12.00.00;2,1;1122;238;10,4;993;132;859;95;1571;993;18,4;34,2;0,7185;;
14/04/2004;13.00.00;-200;1094;-200;9,7;966;-200;877;-200;1519;919;21,0;30,6;0,7538;;
14/04/2004;14.00.00;-200;1164;-200;12,8;1076;-200;788;-200;1653;1032;21,4;28,7;0,7231;;
14/04/2004;15.00.00;-200;1188;-200;12,9;1082;-200;790;-200;1653;1077;21,3;27,3;0,6856;;
14/04/2004;16.00.00;-200;1098;-200;8,9;934;-200;895;-200;1497;883;20,4;30,4;0,7193;;
14/04/2004;17.00.00;-200;1180;-200;11,0;1014;-200;826;-200;1595;1036;18,7;34,8;0,7436;;
14/04/2004;18.00.00;-200;1195;-200;12,6;1072;-200;799;-200;1609;1144;18,6;34,7;0,7369;;
14/04/2004;19.00.00;-200;1234;-200;13,3;1095;-200;789;-200;1638;1212;17,9;35,8;0,7276;;
14/04/2004;20.00.00;-200;1425;-200;18,1;1242;-200;675;-200;1858;1486;16,5;42,1;0,7856;;
14/04/2004;21.00.00;-200;1320;-200;13,0;1085;-200;730;-200;1689;1440;14,8;49,7;0,8321;;
14/04/2004;22.00.00;-200;1158;-200;7,8;892;-200;870;-200;1494;1242;13,4;54,3;0,8291;;
14/04/2004;23.00.00;-200;1060;-200;5,8;805;-200;964;-200;1418;1089;13,4;54,2;0,8319;;
15/04/2004;00.00.00;-200;1036;-200;4,7;746;-200;1034;-200;1364;993;12,3;57,6;0,8223;;
15/04/2004;01.00.00;-200;943;-200;3,1;660;-200;1163;-200;1297;862;11,6;58,8;0,7996;;
15/04/2004;02.00.00;-200;899;-200;2,1;591;-200;1243;-200;1259;815;10,7;62,3;0,7988;;
15/04/2004;03.00.00;-200;889;-200;1,7;559;-200;1331;-200;1241;714;10,2;63,2;0,7865;;
15/04/2004;04.00.00;-200;847;-200;1,3;527;-200;1416;-200;1216;682;10,5;61,3;0,7761;;
15/04/2004;05.00.00;-200;918;-200;2,6;625;-200;1255;-200;1298;744;9,3;65,8;0,7722;;
15/04/2004;06.00.00;-200;1105;-200;7,9;897;-200;906;-200;1510;1050;9,1;67,4;0,7814;;
15/04/2004;07.00.00;-200;1491;-200;21,4;1335;-200;625;-200;2001;1522;10,2;62,9;0,7831;;
15/04/2004;08.00.00;-200;1508;-200;22,1;1355;-200;609;-200;2034;1623;11,6;58,7;0,7999;;
15/04/2004;09.00.00;3,9;1489;536;19,1;1270;309;633;114;1889;1638;13,5;53,4;0,8196;;
15/04/2004;10.00.00;3,8;1451;481;17,3;1219;327;661;127;1804;1633;15,0;49,3;0,8364;;
15/04/2004;11.00.00;3,8;1454;460;17,5;1225;299;661;135;1809;1654;17,1;42,1;0,8120;;
15/04/2004;12.00.00;3,9;1392;597;17,0;1210;257;689;135;1792;1559;18,4;36,9;0,7758;;
15/04/2004;13.00.00;3,5;1351;465;17,0;1210;195;709;120;1783;1374;19,3;35,4;0,7824;;
15/04/2004;14.00.00;4;1418;542;19,5;1282;231;681;129;1890;1418;19,2;35,7;0,7826;;
15/04/2004;15.00.00;3;1303;437;14,8;1143;170;748;114;1734;1228;21,5;30,4;0,7677;;
15/04/2004;16.00.00;3,1;1292;383;14,0;1116;192;746;129;1676;1293;19,6;34,6;0,7807;;
15/04/2004;17.00.00;5,2;1560;778;24,4;1413;251;594;149;2046;1642;19,6;35,5;0,8017;;
15/04/2004;18.00.00;5,9;1765;926;28,1;1507;289;533;149;2271;1895;18,3;44,1;0,9183;;
15/04/2004;19.00.00;7,3;1875;1189;33,7;1637;351;482;158;2446;2086;17,4;47,8;0,9392;;
15/04/2004;20.00.00;6,1;1746;824;24,2;1409;319;553;148;2119;1898;16,8;49,8;0,9446;;
15/04/2004;21.00.00;4,6;1607;660;19,8;1290;264;587;134;1960;1758;16,2;53,2;0,9723;;
15/04/2004;22.00.00;2,5;1277;203;9,3;952;144;802;111;1607;1284;14,9;59,1;0,9928;;
15/04/2004;23.00.00;2,2;1207;136;7,3;868;119;877;106;1532;1075;13,9;64,0;1,0130;;
16/04/2004;00.00.00;2;1209;114;7,1;863;120;882;108;1547;1084;13,7;66,8;1,0410;;
16/04/2004;01.00.00;1,9;1189;110;6,7;844;96;887;93;1566;1049;13,4;69,6;1,0688;;
16/04/2004;02.00.00;1,6;1132;127;6,0;810;77;899;83;1532;1021;12,8;71,9;1,0632;;
16/04/2004;03.00.00;1;974;68;2,7;635;-200;1159;-200;1387;778;12,9;68,5;1,0155;;
16/04/2004;04.00.00;1;1033;70;3,6;686;63;1030;69;1420;948;11,9;74,8;1,0380;;
16/04/2004;05.00.00;1,2;1075;93;5,4;782;97;941;77;1505;988;11,6;76,4;1,0415;;
16/04/2004;06.00.00;2;1242;179;10,0;978;180;778;87;1686;1184;11,7;75,3;1,0325;;
16/04/2004;07.00.00;4,5;1657;523;23,2;1384;352;579;109;2176;1600;12,8;71,0;1,0428;;
16/04/2004;08.00.00;4,1;1406;546;18,7;1258;279;636;116;1890;1495;13,8;61,1;0,9595;;
16/04/2004;09.00.00;2,6;1150;251;9,9;973;186;827;105;1590;1188;15,3;51,4;0,8886;;
16/04/2004;10.00.00;2,3;1184;222;10,2;983;169;823;106;1604;1166;16,6;48,7;0,9146;;
16/04/2004;11.00.00;2,6;1223;212;11,0;1014;172;781;108;1666;1219;17,6;46,7;0,9324;;
16/04/2004;12.00.00;2,4;1196;263;10,5;997;127;802;100;1644;1128;19,2;42,7;0,9425;;
16/04/2004;13.00.00;4,3;1559;535;18,9;1267;230;653;149;2047;1373;15,7;62,5;1,1092;;
16/04/2004;14.00.00;4,6;1544;609;18,9;1266;280;613;148;2066;1415;14,5;75,7;1,2425;;
16/04/2004;15.00.00;4;1485;449;17,5;1223;242;650;126;1980;1302;14,4;77,4;1,2654;;
16/04/2004;16.00.00;4,7;1498;536;17,7;1230;250;649;140;1963;1308;14,6;74,9;1,2391;;
16/04/2004;17.00.00;5,7;1593;743;23,0;1378;309;582;142;2159;1449;14,6;76,0;1,2573;;
16/04/2004;18.00.00;5,2;1529;575;20,4;1309;270;627;141;2083;1385;14,0;76,3;1,2166;;
16/04/2004;19.00.00;6,4;1689;783;26,8;1474;323;560;149;2298;1492;13,9;78,0;1,2303;;
16/04/2004;20.00.00;6;1535;706;19,9;1295;307;627;140;2039;1380;13,8;78,0;1,2229;;
16/04/2004;21.00.00;3,4;1304;299;12,5;1067;224;737;117;1811;1167;13,5;79,4;1,2224;;
16/04/2004;22.00.00;2,7;1235;159;9,6;963;166;803;103;1680;1095;13,1;80,1;1,2016;;
16/04/2004;23.00.00;3,1;1281;171;10,0;977;171;794;99;1695;1105;12,8;81,0;1,1915;;
17/04/2004;00.00.00;2,6;1167;162;8,1;904;169;846;100;1627;1051;12,7;80,6;1,1819;;
17/04/2004;01.00.00;2,2;1134;111;7,1;863;120;869;88;1599;1009;12,5;81,8;1,1838;;
17/04/2004;02.00.00;1,9;1100;134;6,4;829;103;887;83;1565;972;12,7;81,2;1,1849;;
17/04/2004;03.00.00;-200;1057;-200;5,1;768;-200;958;-200;1527;884;12,4;82,4;1,1848;;
17/04/2004;04.00.00;-200;902;-200;3,0;652;-200;1158;-200;1437;661;12,6;79,9;1,1619;;
17/04/2004;05.00.00;-200;982;-200;4,2;724;-200;1055;-200;1508;774;12,8;80,0;1,1761;;
17/04/2004;06.00.00;-200;997;-200;5,1;769;-200;1002;-200;1524;868;12,6;79,9;1,1596;;
17/04/2004;07.00.00;-200;1141;-200;8,1;902;-200;905;-200;1672;965;12,5;79,6;1,1538;;
17/04/2004;08.00.00;-200;1163;-200;8,8;930;-200;849;-200;1691;985;12,8;80,8;1,1863;;
17/04/2004;09.00.00;-200;1107;-200;7,2;864;-200;911;-200;1604;963;13,5;78,1;1,1997;;
17/04/2004;10.00.00;-200;1228;-200;9,2;949;-200;838;-200;1706;1069;14,6;74,9;1,2348;;
17/04/2004;11.00.00;-200;1033;-200;6,0;810;-200;969;-200;1526;864;16,8;61,0;1,1599;;
17/04/2004;12.00.00;-200;984;-200;5,0;763;-200;1054;-200;1472;641;18,8;50,1;1,0769;;
17/04/2004;13.00.00;-200;1066;-200;7,5;879;-200;939;-200;1536;740;19,3;47,1;1,0445;;
17/04/2004;14.00.00;-200;926;-200;3,9;707;-200;1130;-200;1429;532;19,3;46,6;1,0298;;
17/04/2004;15.00.00;-200;979;-200;5,0;764;-200;1054;-200;1462;572;19,7;44,4;1,0081;;
17/04/2004;16.00.00;-200;993;-200;5,4;783;-200;1033;-200;1482;630;19,3;45,7;1,0161;;
17/04/2004;17.00.00;-200;970;-200;5,0;763;-200;1043;-200;1462;608;17,9;49,9;1,0135;;
17/04/2004;18.00.00;-200;997;-200;5,5;788;-200;1014;-200;1482;644;16,9;53,2;1,0179;;
17/04/2004;19.00.00;-200;1097;-200;7,8;892;-200;909;-200;1594;833;16,1;56,0;1,0151;;
17/04/2004;20.00.00;-200;1105;-200;8,2;908;-200;900;-200;1566;923;16,5;52,8;0,9860;;
17/04/2004;21.00.00;-200;993;-200;5,3;777;-200;1022;-200;1482;790;16,9;51,1;0,9743;;
17/04/2004;22.00.00;-200;1136;-200;7,9;896;-200;919;-200;1623;961;17,0;50,8;0,9751;;
17/04/2004;23.00.00;-200;1297;-200;10,7;1003;-200;798;-200;1700;1177;16,9;54,8;1,0455;;
18/04/2004;00.00.00;-200;1110;-200;6,9;855;-200;897;-200;1568;943;16,3;57,2;1,0492;;
18/04/2004;01.00.00;-200;1027;-200;6,3;827;-200;942;-200;1529;742;16,0;56,2;1,0164;;
18/04/2004;02.00.00;-200;1024;-200;5,6;795;-200;982;-200;1501;705;15,6;60,2;1,0617;;
18/04/2004;03.00.00;-200;992;-200;5,4;783;-200;988;-200;1527;663;14,6;68,2;1,1282;;
18/04/2004;04.00.00;-200;929;-200;3,2;664;-200;1144;-200;1449;536;14,3;69,6;1,1257;;
18/04/2004;05.00.00;-200;892;-200;1,9;579;-200;1309;-200;1396;441;13,8;71,9;1,1312;;
18/04/2004;06.00.00;-200;895;-200;2,3;609;-200;1268;-200;1410;477;13,8;72,7;1,1402;;
18/04/2004;07.00.00;-200;915;-200;2,4;612;-200;1266;-200;1411;506;14,2;72,3;1,1632;;
18/04/2004;08.00.00;-200;947;-200;2,9;649;-200;1154;-200;1459;608;14,5;72,9;1,1950;;
18/04/2004;09.00.00;-200;1032;-200;4,2;721;-200;1052;-200;1546;663;14,2;75,6;1,2201;;
18/04/2004;10.00.00;-200;1219;-200;6,8;849;-200;901;-200;1664;912;14,5;77,2;1,2695;;
18/04/2004;11.00.00;-200;1217;-200;7,3;869;-200;873;-200;1660;963;14,9;74,5;1,2530;;
18/04/2004;12.00.00;-200;1097;-200;5,3;779;-200;980;-200;1565;803;15,5;67,4;1,1780;;
18/04/2004;13.00.00;-200;938;-200;3,4;674;-200;1136;-200;1433;564;16,7;56,0;1,0544;;
18/04/2004;14.00.00;-200;944;-200;3,4;677;-200;1140;-200;1436;501;17,1;55,5;1,0724;;
18/04/2004;15.00.00;-200;1139;-200;6,8;847;-200;929;-200;1604;701;16,2;62,4;1,1423;;
18/04/2004;16.00.00;-200;1163;-200;7,0;859;-200;921;-200;1603;783;17,4;58,9;1,1567;;
18/04/2004;17.00.00;-200;1157;-200;7,7;885;-200;916;-200;1590;784;17,5;54,6;1,0800;;
18/04/2004;18.00.00;-200;1154;-200;8,5;919;-200;876;-200;1623;861;17,5;54,2;1,0722;;
18/04/2004;19.00.00;-200;1342;-200;13,5;1102;-200;744;-200;1824;1156;17,0;55,1;1,0621;;
18/04/2004;20.00.00;-200;1178;-200;9,2;949;-200;847;-200;1653;1047;16,4;57,8;1,0669;;
18/04/2004;21.00.00;-200;1152;-200;8,7;926;-200;854;-200;1669;1034;15,8;60,4;1,0744;;
18/04/2004;22.00.00;-200;1078;-200;6,6;841;-200;920;-200;1595;962;15,5;63,3;1,1071;;
18/04/2004;23.00.00;-200;1167;-200;9,1;945;-200;826;-200;1702;1100;15,0;65,2;1,1045;;
19/04/2004;00.00.00;-200;1111;-200;7,8;890;-200;871;-200;1658;1047;14,5;67,3;1,1054;;
19/04/2004;01.00.00;-200;988;-200;4,2;722;-200;1029;-200;1500;874;14,1;70,1;1,1224;;
19/04/2004;02.00.00;-200;917;-200;3,4;677;-200;1103;-200;1494;747;13,8;73,3;1,1518;;
19/04/2004;03.00.00;-200;850;-200;1,7;562;-200;1275;-200;1407;589;13,1;78,3;1,1716;;
19/04/2004;04.00.00;-200;885;-200;2,1;589;-200;1238;-200;1443;635;13,0;78,2;1,1664;;
19/04/2004;05.00.00;-200;888;-200;2,2;597;-200;1242;-200;1428;671;14,3;70,1;1,1328;;
19/04/2004;06.00.00;-200;1101;-200;6,9;852;-200;913;-200;1655;992;14,0;70,9;1,1306;;
19/04/2004;07.00.00;-200;1399;-200;16,5;1195;-200;680;-200;1976;1308;15,4;64,2;1,1123;;
19/04/2004;08.00.00;-200;1325;-200;18,7;1260;-200;652;-200;1969;1303;16,5;57,9;1,0826;;
19/04/2004;09.00.00;-200;1058;-200;8,5;921;-200;876;-200;1594;893;18,8;48,0;1,0323;;
19/04/2004;10.00.00;-200;990;-200;6,8;846;-200;947;-200;1503;715;19,5;43,3;0,9706;;
19/04/2004;11.00.00;-200;1018;-200;7,5;879;-200;950;-200;1574;685;18,5;45,5;0,9606;;
19/04/2004;12.00.00;-200;1105;-200;10,9;1010;-200;811;-200;1709;947;18,0;46,7;0,9569;;
19/04/2004;13.00.00;-200;1194;-200;13,4;1097;-200;743;-200;1847;1049;16,5;58,2;1,0813;;
19/04/2004;14.00.00;-200;1088;-200;7,9;893;-200;892;-200;1565;741;12,1;75,6;1,0662;;
19/04/2004;15.00.00;-200;1084;-200;8,8;933;-200;872;-200;1602;801;11,1;75,6;0,9974;;
19/04/2004;16.00.00;-200;1207;-200;11,5;1032;-200;797;-200;1701;969;10,5;79,0;1,0016;;
19/04/2004;17.00.00;-200;1186;-200;11,8;1042;-200;808;-200;1684;1038;10,0;80,5;0,9853;;
19/04/2004;18.00.00;-200;1053;-200;8,3;911;-200;916;-200;1528;889;11,3;70,5;0,9389;;
19/04/2004;19.00.00;-200;1032;-200;7,9;895;-200;921;-200;1508;879;10,7;71,5;0,9197;;
19/04/2004;20.00.00;-200;989;-200;6,7;846;-200;960;-200;1476;846;9,9;74,0;0,9009;;
19/04/2004;21.00.00;-200;930;-200;4,6;745;-200;1085;-200;1391;712;10,8;68,2;0,8806;;
19/04/2004;22.00.00;-200;951;-200;5,0;766;-200;1056;-200;1431;747;10,2;74,0;0,9176;;
19/04/2004;23.00.00;-200;985;-200;5,3;780;-200;1017;-200;1444;791;10,1;77,5;0,9579;;
20/04/2004;00.00.00;-200;937;-200;3,9;703;-200;1136;-200;1377;637;9,9;77,7;0,9497;;
20/04/2004;01.00.00;-200;887;-200;2,9;648;-200;1222;-200;1357;553;9,5;80,2;0,9533;;
20/04/2004;02.00.00;-200;806;-200;1,5;544;-200;1429;-200;1290;449;9,5;79,7;0,9489;;
20/04/2004;03.00.00;-200;771;-200;0,8;483;-200;1587;-200;1277;485;9,7;78,9;0,9487;;
20/04/2004;04.00.00;-200;802;-200;1,2;519;-200;1523;-200;1315;540;9,8;80,0;0,9670;;
20/04/2004;05.00.00;-200;878;-200;2,9;644;-200;1260;-200;1410;685;10,0;79,6;0,9800;;
20/04/2004;06.00.00;-200;1070;-200;7,6;883;-200;942;-200;1625;925;10,3;79,4;0,9927;;
20/04/2004;07.00.00;-200;1430;-200;20,7;1316;-200;638;-200;2069;1382;11,0;77,4;1,0135;;
20/04/2004;08.00.00;-200;1565;-200;29,9;1549;-200;540;-200;2396;1645;12,3;69,2;0,9906;;
20/04/2004;09.00.00;-200;1365;-200;20,1;1299;-200;637;-200;1999;1514;14,5;60,4;0,9936;;
20/04/2004;10.00.00;-200;1348;-200;17,1;1214;-200;678;-200;1874;1509;16,0;56,3;1,0185;;
20/04/2004;11.00.00;-200;1311;-200;19,4;1279;-200;648;-200;1991;1520;18,1;51,1;1,0551;;
20/04/2004;12.00.00;-200;1302;-200;18,7;1260;-200;658;-200;1970;1471;23,0;37,5;1,0389;;
20/04/2004;13.00.00;-200;1250;-200;15,8;1173;-200;720;-200;1870;1282;21,8;39,6;1,0209;;
20/04/2004;14.00.00;-200;1083;-200;10,3;988;-200;859;-200;1643;1004;21,9;37,2;0,9683;;
20/04/2004;15.00.00;-200;1005;-200;7,9;894;-200;956;-200;1530;714;23,8;31,4;0,9132;;
20/04/2004;16.00.00;-200;1129;-200;13,7;1107;-200;844;-200;1742;940;25,9;26,9;0,8845;;
20/04/2004;17.00.00;-200;1327;-200;19,7;1289;-200;712;-200;1938;1272;25,8;29,9;0,9808;;
20/04/2004;18.00.00;-200;1428;-200;25,3;1437;-200;599;-200;2156;1526;22,6;39,5;1,0679;;
20/04/2004;19.00.00;-200;1426;-200;23,9;1400;-200;612;-200;2102;1488;19,9;45,0;1,0364;;
20/04/2004;20.00.00;-200;1310;-200;20,6;1313;-200;663;-200;1958;1475;17,9;47,4;0,9657;;
20/04/2004;21.00.00;-200;1114;-200;12,3;1059;-200;792;-200;1704;1182;16,8;50,4;0,9545;;
20/04/2004;22.00.00;-200;991;-200;7,7;889;-200;932;-200;1550;933;16,0;52,0;0,9375;;
20/04/2004;23.00.00;-200;1089;-200;9,0;940;-200;866;-200;1589;1001;14,2;59,1;0,9520;;
21/04/2004;00.00.00;-200;911;-200;4,5;740;-200;1071;-200;1412;756;14,2;56,7;0,9111;;
21/04/2004;01.00.00;-200;1005;-200;5,8;802;-200;976;-200;1474;952;12,2;67,7;0,9625;;
21/04/2004;02.00.00;-200;863;-200;3,2;664;-200;1172;-200;1381;808;13,2;61,7;0,9328;;
21/04/2004;03.00.00;-200;857;-200;3,0;653;-200;1197;-200;1375;779;10,9;71,0;0,9249;;
21/04/2004;04.00.00;-200;804;-200;2,0;585;-200;1301;-200;1319;717;11,3;67,6;0,9038;;
21/04/2004;05.00.00;-200;871;-200;3,7;694;-200;1160;-200;1421;779;10,1;71,8;0,8880;;
21/04/2004;06.00.00;-200;1035;-200;8,7;929;-200;887;-200;1599;1009;10,2;70,9;0,8841;;
21/04/2004;07.00.00;-200;1513;-200;27,0;1480;-200;572;-200;2249;1595;11,8;66,0;0,9085;;
21/04/2004;08.00.00;-200;1726;-200;40,3;1776;-200;478;-200;2684;1940;14,0;58,2;0,9271;;
21/04/2004;09.00.00;-200;1396;-200;20,0;1296;-200;619;-200;1991;1628;17,0;50,2;0,9646;;
21/04/2004;10.00.00;-200;1333;-200;17,1;1212;-200;668;-200;1854;1573;22,3;36,9;0,9838;;
21/04/2004;11.00.00;-200;1161;-200;11,0;1016;-200;849;-200;1642;1187;24,4;30,9;0,9340;;
21/04/2004;12.00.00;-200;1081;-200;10,6;1000;-200;900;-200;1561;900;25,9;26,7;0,8771;;
21/04/2004;13.00.00;-200;1075;-200;10,5;998;-200;914;-200;1574;800;25,8;26,1;0,8540;;
21/04/2004;14.00.00;-200;1055;-200;9,6;964;-200;953;-200;1513;770;26,3;24,8;0,8393;;
21/04/2004;15.00.00;-200;1053;-200;9,3;953;-200;988;-200;1483;758;27,0;22,2;0,7805;;
21/04/2004;16.00.00;-200;1087;-200;12,7;1075;-200;944;-200;1558;886;27,3;20,5;0,7308;;
21/04/2004;17.00.00;-200;1304;-200;19,8;1291;-200;765;-200;1838;1219;25,8;24,1;0,7912;;
21/04/2004;18.00.00;-200;1625;-200;32,5;1608;-200;601;-200;2271;1725;25,3;28,9;0,9151;;
21/04/2004;19.00.00;-200;1649;-200;33,6;1633;-200;584;-200;2328;1745;23,8;33,7;0,9786;;
21/04/2004;20.00.00;-200;1443;-200;26,0;1455;-200;635;-200;2073;1600;21,4;36,0;0,9059;;
21/04/2004;21.00.00;-200;1209;-200;16,4;1193;-200;753;-200;1737;1310;19,8;39,5;0,9016;;
21/04/2004;22.00.00;-200;1105;-200;10,6;1000;-200;847;-200;1573;1208;19,2;42,1;0,9273;;
21/04/2004;23.00.00;-200;1020;-200;7,1;863;-200;933;-200;1492;1074;18,8;45,8;0,9855;;
22/04/2004;00.00.00;-200;991;-200;6,4;828;-200;973;-200;1469;993;17,1;50,8;0,9828;;
22/04/2004;01.00.00;-200;937;-200;4,6;741;-200;1058;-200;1420;923;16,2;53,4;0,9775;;
22/04/2004;02.00.00;-200;882;-200;3,0;654;-200;1141;-200;1377;819;16,0;53,5;0,9691;;
22/04/2004;03.00.00;-200;843;-200;2,2;597;-200;1242;-200;1341;727;14,3;59,2;0,9601;;
22/04/2004;04.00.00;-200;819;-200;1,7;565;-200;1295;-200;1316;694;13,3;62,6;0,9498;;
22/04/2004;05.00.00;-200;834;-200;2,2;596;-200;1276;-200;1335;727;13,4;59,5;0,9097;;
22/04/2004;06.00.00;-200;977;-200;5,7;800;-200;990;-200;1474;926;12,2;64,1;0,9062;;
22/04/2004;07.00.00;-200;1234;-200;13,8;1109;-200;767;-200;1729;1194;13,9;57,2;0,9029;;
22/04/2004;08.00.00;-200;1403;-200;21,6;1340;-200;623;-200;2003;1502;15,2;53,2;0,9107;;
22/04/2004;09.00.00;-200;1538;-200;26,1;1458;-200;593;-200;2186;1743;19,2;41,6;0,9154;;
22/04/2004;10.00.00;-200;1343;-200;20,1;1299;-200;694;-200;1945;1542;23,7;30,6;0,8854;;
22/04/2004;11.00.00;-200;1243;-200;15,4;1162;-200;766;-200;1731;1354;26,1;26,8;0,8921;;
22/04/2004;12.00.00;-200;1201;-200;13,6;1102;-200;814;-200;1682;1175;28,1;24,4;0,9138;;
22/04/2004;13.00.00;-200;1121;-200;11,1;1020;-200;893;-200;1585;916;28,3;23,9;0,9060;;
22/04/2004;14.00.00;-200;1087;-200;12,2;1055;-200;908;-200;1562;818;28,0;21,0;0,7814;;
22/04/2004;15.00.00;-200;1165;-200;17,5;1225;-200;824;-200;1676;1028;30,8;16,4;0,7167;;
22/04/2004;16.00.00;-200;1224;-200;19,1;1270;-200;806;-200;1739;1113;31,3;16,2;0,7262;;
22/04/2004;17.00.00;-200;1431;-200;27,1;1482;-200;679;-200;2025;1431;29,4;20,5;0,8262;;
22/04/2004;18.00.00;-200;1433;-200;28,3;1510;-200;661;-200;2038;1503;25,8;24,3;0,7940;;
22/04/2004;19.00.00;-200;1527;-200;35,0;1664;-200;587;-200;2238;1775;23,8;29,5;0,8559;;
22/04/2004;20.00.00;-200;1387;-200;22,4;1361;-200;701;-200;1932;1505;22,0;34,8;0,9080;;
22/04/2004;21.00.00;-200;1158;-200;13,5;1100;-200;835;-200;1659;1211;20,2;37,4;0,8748;;
22/04/2004;22.00.00;-200;1009;-200;8,2;907;-200;982;-200;1466;872;19,3;38,8;0,8559;;
22/04/2004;23.00.00;-200;1026;-200;7,8;890;-200;976;-200;1467;855;17,9;43,7;0,8856;;
23/04/2004;00.00.00;-200;1119;-200;10,0;979;-200;873;-200;1593;1170;17,2;47,9;0,9334;;
23/04/2004;01.00.00;-200;1000;-200;6,6;839;-200;958;-200;1467;1024;16,3;49,7;0,9160;;
23/04/2004;02.00.00;-200;866;-200;3,4;675;-200;1155;-200;1337;841;16,7;46,5;0,8755;;
23/04/2004;03.00.00;-200;848;-200;2,8;642;-200;1202;-200;1325;760;14,6;53,0;0,8775;;
23/04/2004;04.00.00;-200;844;-200;2,3;608;-200;1213;-200;1314;803;14,1;53,9;0,8633;;
23/04/2004;05.00.00;0,6;852;46;2,9;646;59;1186;59;1321;793;14,2;52,2;0,8413;;
23/04/2004;06.00.00;0,8;923;56;4,9;757;72;1041;67;1418;906;14,3;55,4;0,9003;;
23/04/2004;07.00.00;4;1490;452;22,6;1368;244;627;95;2119;1541;14,0;58,0;0,9202;;
23/04/2004;08.00.00;5,6;1662;880;31,1;1576;351;523;123;2417;1861;15,4;53,3;0,9289;;
23/04/2004;09.00.00;5;1553;759;22,1;1354;358;621;142;2030;1895;19,1;42,1;0,9233;;
23/04/2004;10.00.00;3,2;1423;394;18,3;1247;245;706;142;1887;1684;23,7;31,0;0,8968;;
23/04/2004;11.00.00;3,8;1458;639;22,0;1350;240;677;169;1947;1731;26,9;25,7;0,8942;;
23/04/2004;12.00.00;3,3;1349;541;20,1;1299;179;728;142;1838;1402;29,7;20,6;0,8478;;
23/04/2004;13.00.00;3;1326;468;18,9;1265;160;757;136;1835;1246;29,2;21,5;0,8573;;
23/04/2004;14.00.00;3,2;1356;483;20,6;1312;174;729;147;1865;1342;29,6;20,1;0,8181;;
23/04/2004;15.00.00;4,4;1460;682;25,3;1438;260;680;196;1953;1489;30,0;19,4;0,8100;;
23/04/2004;16.00.00;4,6;1497;698;25,8;1449;281;679;186;1985;1532;29,5;20,1;0,8136;;
23/04/2004;17.00.00;5,2;1645;832;30,6;1566;284;599;177;2228;1909;27,0;26,8;0,9403;;
23/04/2004;18.00.00;4,8;1557;872;27,1;1483;250;615;164;2087;1757;24,9;30,8;0,9540;;
23/04/2004;19.00.00;5,6;1747;899;32,5;1608;281;557;161;2335;1983;23,1;36,7;1,0244;;
23/04/2004;20.00.00;4,6;1482;692;20,8;1319;230;660;146;1975;1703;21,5;40,8;1,0333;;
23/04/2004;21.00.00;1,8;1211;145;10,9;1010;98;816;98;1619;1246;20,5;41,5;0,9864;;
23/04/2004;22.00.00;2,2;1294;208;13,0;1083;121;770;108;1687;1321;19,2;44,9;0,9875;;
23/04/2004;23.00.00;2;1300;204;11,8;1043;110;777;107;1659;1375;18,8;47,7;1,0221;;
24/04/2004;00.00.00;2,8;1402;240;13,4;1098;161;736;113;1729;1456;18,2;49,7;1,0284;;
24/04/2004;01.00.00;2,6;1349;251;13,4;1097;148;707;100;1763;1442;16,1;57,4;1,0451;;
24/04/2004;02.00.00;1,8;1161;173;9,0;938;109;827;87;1597;1243;16,3;55,3;1,0178;;
24/04/2004;03.00.00;1,1;1022;113;5,8;802;-200;916;-200;1481;1078;15,7;53,6;0,9483;;
24/04/2004;04.00.00;-200;948;55;3,8;700;45;1045;60;1430;939;16,9;49,8;0,9514;;
24/04/2004;05.00.00;0,7;933;65;3,7;697;71;1045;65;1403;937;14,8;57,7;0,9644;;
24/04/2004;06.00.00;0,9;1021;119;5,7;800;75;931;64;1483;1019;14,0;59,7;0,9499;;
24/04/2004;07.00.00;1,5;1134;151;10,0;979;106;794;73;1639;1140;14,6;56,8;0,9385;;
24/04/2004;08.00.00;2,5;1311;305;15,0;1147;166;681;86;1838;1351;16,7;51,9;0,9788;;
24/04/2004;09.00.00;3;1409;415;15,6;1169;188;685;105;1874;1459;20,0;45,0;1,0390;;
24/04/2004;10.00.00;2,6;1301;321;12,3;1059;161;787;107;1727;1297;23,9;33,7;0,9837;;
24/04/2004;11.00.00;2,6;1354;358;14,4;1130;139;765;114;1808;1291;26,8;29,5;1,0209;;
24/04/2004;12.00.00;2,6;1391;350;14,6;1136;134;738;105;1840;1296;27,2;32,4;1,1493;;
24/04/2004;13.00.00;1,9;1200;238;8,7;929;84;879;74;1623;972;26,9;32,1;1,1217;;
24/04/2004;14.00.00;2;1338;215;11,0;1016;98;798;95;1766;1194;24,3;41,8;1,2561;;
24/04/2004;15.00.00;1,7;1223;192;9,0;938;91;884;89;1610;880;25,6;36,0;1,1629;;
24/04/2004;16.00.00;1,9;1278;205;10,7;1003;99;845;95;1691;909;27,0;31,8;1,1176;;
24/04/2004;17.00.00;1,8;1257;165;9,9;973;90;860;93;1634;839;27,5;31,6;1,1417;;
24/04/2004;18.00.00;2,8;1497;283;15,7;1171;147;725;123;1899;1248;24,9;38,1;1,1838;;
24/04/2004;19.00.00;3,5;1567;467;19,4;1280;177;661;134;1970;1476;23,4;39,7;1,1276;;
24/04/2004;20.00.00;3,4;1503;485;16,8;1203;162;651;126;1863;1502;21,2;50,8;1,2631;;
24/04/2004;21.00.00;2;1169;202;6,8;850;88;906;79;1584;873;15,6;73,5;1,2953;;
24/04/2004;22.00.00;1,1;1007;64;3,0;650;53;1157;54;1404;528;12,9;79,7;1,1774;;
24/04/2004;23.00.00;1,3;1004;71;3,2;667;68;1157;69;1365;492;11,5;76,9;1,0436;;
25/04/2004;00.00.00;1,2;967;84;3,1;661;61;1181;67;1321;463;12,2;66,8;0,9455;;
25/04/2004;01.00.00;1,3;984;70;3,9;707;71;1131;73;1359;494;12,4;64,1;0,9209;;
25/04/2004;02.00.00;1;931;61;3,6;689;63;1161;73;1317;503;12,7;58,7;0,8605;;
25/04/2004;03.00.00;1,3;966;92;4,5;737;-200;1083;-200;1363;581;12,6;58,6;0,8529;;
25/04/2004;04.00.00;-200;777;40;1,2;521;23;1535;33;1121;350;12,5;51,2;0,7374;;
25/04/2004;05.00.00;0,3;763;20;0,7;471;14;1783;20;1098;305;12,5;50,9;0,7346;;
25/04/2004;06.00.00;0,5;804;31;1,1;505;34;1718;37;1148;329;12,8;49,3;0,7285;;
25/04/2004;07.00.00;0,6;830;41;1,4;535;42;1496;50;1184;375;13,5;48,6;0,7487;;
25/04/2004;08.00.00;0,6;833;40;1,6;553;40;1476;45;1180;373;14,4;45,9;0,7476;;
25/04/2004;09.00.00;0,8;875;35;2,3;603;48;1370;48;1206;385;15,1;43,9;0,7487;;
25/04/2004;10.00.00;1;882;44;2,5;621;61;1346;56;1216;403;16,6;38,6;0,7236;;
25/04/2004;11.00.00;0,9;862;71;2,7;635;58;1320;58;1193;393;17,2;35,0;0,6789;;
25/04/2004;12.00.00;1;863;66;2,7;636;57;1290;52;1185;388;17,4;33,9;0,6683;;
25/04/2004;13.00.00;0,8;830;46;2,2;596;54;1389;52;1145;371;17,9;30,7;0,6234;;
25/04/2004;14.00.00;0,7;807;50;2,0;584;41;1488;44;1104;347;18,3;27,2;0,5675;;
25/04/2004;15.00.00;0,9;873;51;3,4;675;57;1343;59;1181;396;19,4;25,7;0,5738;;
25/04/2004;16.00.00;1,3;931;64;4,5;739;83;1274;74;1219;474;20,2;24,1;0,5630;;
25/04/2004;17.00.00;1,4;918;138;4,7;748;81;1228;76;1219;505;19,6;24,9;0,5625;;
25/04/2004;18.00.00;1,5;1001;137;6,0;811;98;1122;83;1344;625;18,5;27,8;0,5843;;
25/04/2004;19.00.00;2,7;1169;303;11,7;1039;124;883;100;1550;941;17,8;30,3;0,6129;;
25/04/2004;20.00.00;2,5;1085;204;8,2;907;133;976;101;1419;893;16,6;34,0;0,6353;;
25/04/2004;21.00.00;1,4;940;95;5,1;769;100;1103;90;1310;731;15,5;37,0;0,6447;;
25/04/2004;22.00.00;2,8;1126;347;13,0;1083;116;875;93;1654;955;14,8;39,5;0,6595;;
25/04/2004;23.00.00;2,1;978;252;7,0;858;102;1013;79;1379;761;14,5;42,0;0,6896;;
26/04/2004;00.00.00;1,1;893;66;3,9;703;55;1192;57;1283;515;14,1;44,9;0,7206;;
26/04/2004;01.00.00;0,7;838;45;2,2;601;33;1361;43;1220;434;14,2;45,5;0,7333;;
26/04/2004;02.00.00;0,4;803;36;1,3;527;17;1513;25;1152;369;14,1;45,3;0,7247;;
26/04/2004;03.00.00;0,3;775;26;0,8;477;-200;1722;-200;1115;335;14,0;44,3;0,7038;;
26/04/2004;04.00.00;-200;767;17;0,6;454;10;1826;17;1091;319;14,1;43,0;0,6890;;
26/04/2004;05.00.00;0,4;809;21;1,2;521;35;1575;44;1158;378;13,9;43,9;0,6923;;
26/04/2004;06.00.00;0,8;898;60;3,4;676;70;1271;72;1307;517;14,0;43,8;0,6959;;
26/04/2004;07.00.00;1,9;1053;155;7,5;880;116;982;91;1464;786;14,4;43,6;0,7113;;
26/04/2004;08.00.00;2,1;1033;235;8,9;934;134;917;89;1490;844;15,0;41,7;0,7093;;
26/04/2004;09.00.00;1,4;941;89;5,3;780;113;1080;84;1343;720;16,3;38,4;0,7052;;
26/04/2004;10.00.00;1,4;941;76;5,4;782;110;1102;83;1328;668;18,3;32,3;0,6760;;
26/04/2004;11.00.00;1,3;917;101;5,2;772;98;1098;78;1311;605;18,8;31,7;0,6821;;
26/04/2004;12.00.00;1,5;977;109;6,6;837;96;1038;80;1413;646;19,6;30,9;0,6968;;
26/04/2004;13.00.00;1,6;994;143;6,9;851;95;1018;75;1436;640;20,2;30,7;0,7176;;
26/04/2004;14.00.00;1,3;942;104;5,4;785;86;1065;77;1365;571;19,7;32,5;0,7396;;
26/04/2004;15.00.00;1,4;981;107;6,0;810;86;1060;77;1395;605;20,7;31,6;0,7602;;
26/04/2004;16.00.00;1,5;984;133;6,4;832;91;1034;81;1410;636;20,0;32,7;0,7545;;
26/04/2004;17.00.00;2,2;1116;171;10,7;1003;119;864;101;1625;886;18,6;35,4;0,7535;;
26/04/2004;18.00.00;3,2;1181;405;13,9;1114;147;787;119;1685;1032;18,3;35,9;0,7501;;
26/04/2004;19.00.00;3;1163;334;12,5;1068;135;811;111;1616;977;17,8;37,5;0,7568;;
26/04/2004;20.00.00;2,6;1081;236;9,3;950;124;907;109;1496;924;17,3;38,8;0,7584;;
26/04/2004;21.00.00;1,6;1017;99;6,7;842;89;1000;101;1441;846;17,3;38,8;0,7596;;
26/04/2004;22.00.00;1,5;966;93;5,3;778;79;1057;89;1359;755;16,4;40,8;0,7542;;
26/04/2004;23.00.00;1,2;924;82;4,0;709;63;1158;75;1318;610;16,0;41,4;0,7487;;
27/04/2004;00.00.00;0,8;861;51;2,2;601;39;1351;51;1225;439;15,4;43,0;0,7482;;
27/04/2004;01.00.00;0,7;826;41;1,7;560;25;1424;39;1197;402;15,7;42,5;0,7539;;
27/04/2004;02.00.00;0,5;846;31;1,6;557;19;1385;32;1212;406;15,6;43,4;0,7651;;
27/04/2004;03.00.00;0,5;842;41;1,5;545;-200;1423;-200;1224;424;15,2;45,8;0,7864;;
27/04/2004;04.00.00;-200;909;41;2,5;617;34;1236;49;1302;558;14,7;49,9;0,8280;;
27/04/2004;05.00.00;0,7;930;38;3,3;670;58;1143;68;1339;746;15,5;47,3;0,8282;;
27/04/2004;06.00.00;1,4;1120;111;8,9;935;112;843;76;1593;1126;14,4;53,1;0,8677;;
27/04/2004;07.00.00;4,1;1518;584;23,4;1389;314;589;122;2101;1703;15,9;48,5;0,8704;;
27/04/2004;08.00.00;4,6;1461;633;23,8;1398;240;630;129;2050;1628;18,1;40,3;0,8294;;
27/04/2004;09.00.00;1,9;1075;145;7,9;896;128;938;94;1487;936;19,6;35,9;0,8100;;
27/04/2004;10.00.00;1,9;1061;155;8,2;908;141;968;99;1455;890;22,8;29,1;0,7960;;
27/04/2004;11.00.00;1,7;1066;128;8,8;931;118;979;81;1474;757;24,8;25,3;0,7793;;
27/04/2004;12.00.00;2,4;1179;255;14,6;1137;132;829;87;1651;949;27,2;22,0;0,7785;;
27/04/2004;13.00.00;3;1251;411;18,0;1238;150;773;107;1779;1109;28,2;20,4;0,7677;;
27/04/2004;14.00.00;2;1120;173;12,0;1048;121;898;95;1560;870;25,4;24,2;0,7733;;
27/04/2004;15.00.00;2,7;1187;277;14,8;1142;149;840;110;1651;1011;25,7;23,8;0,7737;;
27/04/2004;16.00.00;2,2;1145;259;12,5;1066;120;903;99;1592;885;27,2;22,1;0,7811;;
27/04/2004;17.00.00;2,9;1215;274;15,5;1164;155;817;113;1689;1015;27,0;22,3;0,7860;;
27/04/2004;18.00.00;3,4;1317;377;17,7;1231;172;766;127;1798;1155;24,5;27,8;0,8433;;
27/04/2004;19.00.00;3,9;1388;457;21,6;1341;177;702;131;1955;1315;23,7;30,2;0,8718;;
27/04/2004;20.00.00;3,6;1295;555;18,9;1266;181;716;137;1849;1359;21,5;34,5;0,8746;;
27/04/2004;21.00.00;2,5;1153;279;12,5;1066;135;811;122;1651;1194;19,9;37,8;0,8675;;
27/04/2004;22.00.00;1,8;1078;137;8,8;932;99;905;100;1511;951;18,9;40,6;0,8771;;
27/04/2004;23.00.00;2;1133;203;10,9;1012;111;806;108;1608;1054;17,9;43,5;0,8840;;
28/04/2004;00.00.00;1,3;1055;101;8,0;899;72;880;83;1504;980;17,4;46,3;0,9112;;
28/04/2004;01.00.00;1;953;86;4,4;735;54;999;74;1396;898;18,1;44,7;0,9186;;
28/04/2004;02.00.00;0,6;892;51;2,8;639;41;1139;64;1359;803;16,5;50,1;0,9331;;
28/04/2004;03.00.00;0,6;895;47;2,7;632;-200;1167;-200;1347;684;14,2;56,9;0,9141;;
28/04/2004;04.00.00;-200;859;35;2,2;602;24;1209;40;1321;644;14,7;56,2;0,9341;;
28/04/2004;05.00.00;0,5;856;33;2,5;619;29;1191;39;1345;677;16,3;52,8;0,9722;;
28/04/2004;06.00.00;1,1;1030;95;7,5;880;76;892;69;1539;996;13,9;60,7;0,9597;;
28/04/2004;07.00.00;5,5;1689;754;30,4;1560;321;529;104;2396;1736;15,0;58,3;0,9876;;
28/04/2004;08.00.00;4,2;1486;588;22,0;1351;274;571;100;2112;1692;16,1;54,8;0,9960;;
28/04/2004;09.00.00;4,6;1592;658;24,7;1423;322;577;146;2155;2108;19,3;46,4;1,0248;;
28/04/2004;10.00.00;3,4;1469;372;18,4;1252;255;692;155;1903;1807;24,2;33,8;1,0097;;
28/04/2004;11.00.00;2,8;1364;386;16,8;1205;196;723;139;1850;1566;26,7;28,7;0,9895;;
28/04/2004;12.00.00;2,5;1285;333;14,2;1123;136;755;121;1741;1293;27,4;28,2;1,0098;;
28/04/2004;13.00.00;2,4;1311;293;15,7;1170;119;748;108;1787;1219;28,1;26,9;1,0094;;
28/04/2004;14.00.00;3,2;1416;511;21,9;1348;169;684;126;1969;1330;27,7;26,5;0,9693;;
28/04/2004;15.00.00;3,5;1387;559;20,8;1318;197;701;145;1890;1299;28,4;23,4;0,8935;;
28/04/2004;16.00.00;2,9;1329;375;16,2;1185;140;768;121;1750;1111;28,4;26,0;0,9922;;
28/04/2004;17.00.00;3,6;1496;509;19,8;1292;178;680;145;1878;1300;27,3;30,0;1,0752;;
28/04/2004;18.00.00;4,8;1676;790;28,9;1525;223;567;160;2226;1653;24,3;37,3;1,1199;;
28/04/2004;19.00.00;5,4;1724;816;28,3;1510;222;562;155;2252;1716;23,1;42,2;1,1746;;
28/04/2004;20.00.00;5,3;1642;804;24,9;1426;265;597;162;2117;1720;21,8;43,6;1,1226;;
28/04/2004;21.00.00;2,7;1267;332;13,1;1088;151;764;129;1740;1339;19,8;46,8;1,0702;;
28/04/2004;22.00.00;1,4;1146;156;8,6;923;79;845;96;1575;1166;19,6;49,8;1,1221;;
28/04/2004;23.00.00;1,6;1216;143;9,5;960;87;788;92;1662;1256;17,9;56,2;1,1420;;
29/04/2004;00.00.00;1,5;1128;117;7,8;891;88;838;89;1574;1125;17,4;55,6;1,0963;;
29/04/2004;01.00.00;1;1042;84;5,2;772;51;923;61;1495;968;16,8;59,5;1,1269;;
29/04/2004;02.00.00;0,6;926;60;2,8;639;34;1115;54;1409;814;15,9;60,1;1,0806;;
29/04/2004;03.00.00;0,4;898;76;2,3;608;-200;1154;-200;1386;743;15,6;61,2;1,0784;;
29/04/2004;04.00.00;-200;889;40;2,5;617;31;1168;44;1382;758;14,6;63,4;1,0446;;
29/04/2004;05.00.00;0,8;959;64;4,4;734;76;1038;57;1470;861;13,3;67,0;1,0203;;
29/04/2004;06.00.00;1,5;1097;148;9,4;956;139;827;68;1620;1047;12,9;66,5;0,9846;;
29/04/2004;07.00.00;4,9;1674;635;29,8;1547;293;539;95;2405;1665;14,8;61,3;1,0237;;
29/04/2004;08.00.00;7,2;1771;1129;36,2;1690;368;461;125;2572;1982;16,1;56,5;1,0274;;
29/04/2004;09.00.00;3,5;1408;475;18,0;1241;250;648;135;1886;1711;18,6;47,8;1,0143;;
29/04/2004;10.00.00;2,1;1156;220;10,9;1009;145;875;118;1583;1204;23,8;30,2;0,8771;;
29/04/2004;11.00.00;1,5;1042;105;9,0;941;110;971;91;1491;871;25,4;25,0;0,7966;;
29/04/2004;12.00.00;2;1167;190;14,4;1128;104;829;89;1716;1040;25,6;25,5;0,8234;;
29/04/2004;13.00.00;3,8;1398;516;22,3;1360;205;656;129;2037;1439;24,9;29,9;0,9325;;
29/04/2004;14.00.00;3,4;1458;346;20,9;1321;201;654;122;2023;1516;22,4;37,9;1,0160;;
29/04/2004;15.00.00;4,4;1554;565;23,1;1379;266;614;138;2151;1693;21,7;44,0;1,1242;;
29/04/2004;16.00.00;3,9;1495;483;21,2;1331;246;615;136;2069;1635;21,4;44,4;1,1176;;
29/04/2004;17.00.00;4,9;1560;651;24,8;1424;247;579;143;2176;1688;20,8;45,3;1,1016;;
29/04/2004;18.00.00;5,4;1664;657;28,6;1519;271;553;145;2312;1820;20,2;48,6;1,1354;;
29/04/2004;19.00.00;6,5;1761;830;32,6;1610;332;502;146;2488;2006;20,2;50,8;1,1924;;
29/04/2004;20.00.00;4,3;1524;435;19,2;1275;245;608;122;2046;1740;18,6;57,6;1,2233;;
29/04/2004;21.00.00;2,9;1398;209;16,3;1189;180;646;112;1931;1577;18,2;58,8;1,2173;;
29/04/2004;22.00.00;2,7;1342;202;13,7;1106;156;694;102;1856;1443;17,8;61,0;1,2352;;
29/04/2004;23.00.00;2,8;1433;174;13,6;1104;172;681;97;1876;1411;17,0;70,7;1,3554;;
30/04/2004;00.00.00;2,3;1297;170;11,1;1019;137;733;85;1823;1217;16,2;76,9;1,4051;;
30/04/2004;01.00.00;1,7;1179;116;7,6;884;91;830;76;1696;1086;15,7;78,6;1,3943;;
30/04/2004;02.00.00;1,2;1097;91;5,9;809;80;897;74;1628;1050;15,7;78,4;1,3917;;
30/04/2004;03.00.00;1;1054;71;5,0;761;-200;963;-200;1598;965;15,7;77,4;1,3683;;
30/04/2004;04.00.00;-200;1017;59;4,0;711;46;1009;56;1554;906;15,4;78,5;1,3635;;
30/04/2004;05.00.00;0,8;1005;48;4,5;738;68;1005;66;1563;917;15,7;74,7;1,3194;;
30/04/2004;06.00.00;1,7;1206;111;9,3;949;162;818;90;1771;1116;15,9;73,1;1,3136;;
30/04/2004;07.00.00;3;1458;345;18,3;1249;213;662;111;2033;1380;16,6;68,2;1,2737;;
30/04/2004;08.00.00;3,4;1405;332;19,9;1295;161;638;103;2065;1378;18,7;57,6;1,2323;;
30/04/2004;09.00.00;3,3;1381;344;16,6;1199;209;685;117;1970;1365;17,6;65,0;1,2945;;
30/04/2004;10.00.00;2,7;1315;212;12,6;1072;191;736;116;1833;1273;16,3;73,2;1,3458;;
30/04/2004;11.00.00;2,6;1332;166;12,9;1082;215;707;109;1889;1242;16,0;78,5;1,4209;;
30/04/2004;12.00.00;3,2;1362;214;14,9;1145;212;673;116;1973;1294;17,3;72,4;1,4125;;
30/04/2004;13.00.00;3,4;1399;377;17,4;1222;202;643;115;2061;1413;19,4;60,9;1,3545;;
30/04/2004;14.00.00;2,6;1310;210;15,4;1160;153;695;94;1939;1224;21,4;50,9;1,2823;;
30/04/2004;15.00.00;3,4;1399;265;16,7;1201;185;699;121;1971;1318;22,7;45,8;1,2465;;
30/04/2004;16.00.00;4;1524;365;18,0;1239;210;644;114;2139;1404;20,9;60,8;1,4852;;
30/04/2004;17.00.00;4,5;1487;454;19,2;1274;215;641;110;2133;1471;21,0;54,3;1,3353;;
30/04/2004;18.00.00;4,2;1480;460;21,0;1324;215;622;122;2162;1623;20,8;54,4;1,3194;;
30/04/2004;19.00.00;5,7;1626;642;26,9;1476;281;555;135;2356;1786;19,8;58,6;1,3392;;
30/04/2004;20.00.00;4,4;1449;501;19,5;1282;254;625;133;2100;1569;19,1;61,1;1,3345;;
30/04/2004;21.00.00;3,1;1363;234;15,1;1152;189;684;110;1951;1495;18,2;65,4;1,3529;;
30/04/2004;22.00.00;3;1371;212;14,6;1136;174;689;102;1927;1471;18,1;66,1;1,3579;;
30/04/2004;23.00.00;3,1;1406;275;13,7;1107;167;718;108;1872;1384;17,7;66,9;1,3422;;